-982170359
1283169405
89128932
2124247567
-1573468864
1902734705
-1078879109
-721935204
2141071321
-1789619491
965494256
108111773
850673521
-1248942086
-1028512760
1140597833
726325504
1132165610
379416616
645868022
-1351369308
-1357989517
-200174064
-787689116
16957679
1443416459
-2095118282
-468939432
-804786837
850926714
-1664187842
131497505
-1195051832
-525639836
1253598158
-1170655567
-353157453
-1971901386
-1225887667
564608453
-1964756979
1776687859
610615705
-950352514
1603486349
-1787130020
-1399585450
784396062
1897659038
-746971047
1864075916
452697409
-1641678305
1217952569
-2091055324
281592091
-1501532654
242425949
-1713524659
-1007359594
-836559977
50629214
-2054509832
-1666690677
-392350052
1425423434
1371108568
-1891295863
388519951
1440960018
1291496912
1766015606
489559111
330091864
-735808117
-631175535
201418158
1889731719
-1605084469
523789084
-1943102687
-1152191020
-776156422
596066144
854473176
-1001242580
-614823291
-721598460
1510336583
1330486616
-1053780136
-1728370894
1271145836
-548070218
-498489054
-72924824
1398061839
2007481805
708737880
-533673329
1685900285
1271605382
401409270
563890773
-768345366
-675091818
649192971
-1464427920
1649758988
-1737573668
-239398432
1874124862
-53148170
1530083513
1959813105
-1773259185
-746796692
641974504
1079643690
735464173
-1729275591
1705808619
-417334431
-1554986190
-1999058387
1599961000
-1760071719
10336969
168713893
-1937819008
1534083986
545339927
341935619
342706973
1311940368
1009483092
1420428626
-1460439440
-971391474
923216947
171623503
872078579
1844654865
1644393138
1352600629
965821337
-1561258642
492412848
1487549674
-1790928111
185101728
999185745
-515760407
-1904739888
-1016873943
-2045216678
-523570932
1507354098
1793188126
-1265591087
-1694031471
-770071556
-2089644912
577943680
-1727278433
-1697688219
1126207689
1216112576
1292232436
-2119962244
109091238
165186302
1301643798
1427836512
1039707970
1170499
-1900187202
-1440293793
-1866133149
1621095323
2040677458
-1084127170
1257557750
603768397
275956218
1666659691
-90971088
-573414027
1459034077
-185313555
2126217675
2089732081
-98437517
454979030
1893109157
1460449035
1366971285
-706218079
-2062456225
1999056555
-1811890216
398813920
-627349787
-624083895
292475560
1448512869
1995144619
-1691586837
-936521382
483890759
-1208591736
-1958846763
-1778022072
-1199160932
159319295
-576318611
1506057758
630076539
-1876081703
444018329
1287329998
2106916305
-2094508843
125325246
-1402448883
-1740058967
683731873
884099588
216799959
871032158
1450908188
-669474265
464130395
264425575
768381705
2144179463
-490368874
1067157536
1569230595
1405072905
939607220
12524492
-1063020860
1268914334
459044294
-56310802
-1096920712
1023631220
2017712458
-1145053410
-1725478775
-162363134
634023873
-792611334
790423537
-1313285146
-1524403597
904932842
208855693
-2070843957
1067782580
-216165755
-1965340451
-1305782289
973984084
-409461840
1638150078
-1512290518
-334007646
1483061416
-320589778
281311136
-1860794889
947589470
-2003727274
590013626
63823301
-1098240648
-94921939
1489025042
-1833826894
-1813918224
-894396884
723070337
-1883096769
163087211
-526841139
-785220078
-1785865317
-805457325
-1250480475
809324999
637946328
1602290791
1840181903
-1098686409
-1314732154
799928108
449338377
1777248050
1888090112
992160300
713832772
-1487678194
-2117510675
-1012002699
-777235068
-709188730
387005482
911447241
-858698196
-163352208
-1867768069
1121589220
-1763738150
-585102554
850835860
544921481
1873113640
1593012880
1270896971
-1409036889
161308986
-284102447
131790375
-1894512079
1946071167
-1406820383
-1095800437
330949838
-1901401750
1073253199
1654050325
1527210437
721867184
100640060
-694662342
-278618739
-1722059416
900215299
-933232737
-1817746228
-650648105
-1799388015
-1704402019
1004683717
-940337486
2074379827
-1650397548
-1945434107
90903799
-550561940
-1071746362
-154464067
756095208
694112144
1969303550
72542922
-2091122044
73143190
2078853907
853989973
-668357943
-435741405
750819960
-919742173
62856304
-1348954869
-649553367
1402446134
-1105204270
1754453011
1961500969
-1830200367
1790565053
4237706
501349412
-1074375168
1454615803
-1070138210
406557502
1646143061
-1220497120
1601758698
331079272
-675676207
884549628
-1033813747
-1830617149
712030454
1261996924
-1055890529
-1478642400
-1735192864
-843667546
-314353499
1508450511
1782837435
401323367
415993364
-801801313
-446018471
-923990404
-1245764352
1689722208
1816795417
-582057409
1268603890
1649399611
767031554
1105107486
-307107823
-732713157
1194214598
-1132227649
1922894934
-2114837987
-1675580310
-1527605561
1549579612
915629331
1912315385
-447926656
190095751
-146259717
1062985181
1361511338
1997732439
-577447111
-502866182
1332658384
777048066
108507810
1529757754
211291596
1309928074
792966223
-1176396896
296495941
1151548152
1105848539
1482604688
-371163643
1519223673
1966448703
1130066771
559255371
-1963807062
-816509063
1100148134
1732889785
1313561735
104937432
423788256
-614906007
-767218138
1178087278
1762730544
-1249380367
1756608155
1528030573
-1979854528
-883435855
-1682901542
-667356919
-1852526309
-1983641292
340875610
-1893708999
-55490640
526176369
1571325290
1621959703
1325315481
1841455763
1725581872
-2099342872
164887265
-464876212
224240203
1289394781
900392222
1702704927
1147258012
-887884699
86676431
1770712276
1765771413
794000084
-1972649757
-686132562
-1187637330
-1849965267
-501279266
257913684
665565332
-47601231
1963868449
982612610
-133544479
-1654843551
1348218082
1580662540
-235722772
-847070894
1158499822
-1599609651
213116994
-767869403
-1582710113
1238037816
1621607633
1180236119
978575825
-1713469058
1021810743
-264079519
1053045322
-1257152776
-1449152497
1131307983
1496818512
525428774
1652889015
1970205557
-771312591
-108179494
-450875774
-1371922618
1172331233
830018437
-536832056
200743453
-523649552
-203392749
-917710823
-607097841
24090806
-739150237
1086446048
-155046062
830502584
-1722554839
1764897114
-296714214
1918588362
630367240
-885859876
489455776
-1188703929
1597851991
456644
-1002616618
-1873724402
1379294499
-736452140
-1554627473
10183333
39604335
1356299838
-1960802749
-1238944242
1450645157
1401755449
-437982258
1814848108
-254661342
1798847411
1649790770
-564569934
1701312981
465276942
-441179272
-1831295564
252640158
-1708496815
1741090790
306117130
559099709
1308473623
373530753
2024497692
-927866310
1841576202
1308132599
-1013784053
-1786466431
1028325885
-521983790
-1746894855
-511994206
927660151
-1713888629
1411136558
-1523735222
293229220
243216262
-1178308033
1277684471
-1665416900
-1323817981
502532402
811875315
-1342750661
-846076167
622850210
-2084073835
-160939632
-1042448537
-956582766
763596861
-415108426
354851450
-926084164
2070483349
-2110173826
-2023557161
566809683
-1304346041
987026576
879444419
-1646063962
-1411445093
-992379424
-887901481
-1986830238
179262553
1579330293
-157378319
-1418689904
-105687470
1746983571
-1929897231
1533089780
278773362
-1245750432
1482780722
-1901502504
87746024
-12928888
-855334954
1605652597
893040075
-1284494136
615264856
-1958553368
-1288945510
1908612432
248892534
1291540892
1102121114
-1674691746
-2103108991
-1510404773
-20363390
-555701544
629280060
-1742563917
1930651277
651630925
-1711800551
-778584899
417782184
688689542
1240106855
-1457302417
-1199155291
758641745
-1929273274
2079617401
-693306458
-1230273795
-1802463125
2066743799
792729593
604552933
-1651405847
-1156259362
-485524222
-806183004
-2075374262
-1186181832
-1605700711
-1409899054
-2125754912
1134357306
-387996272
1185725910
1775129982
-679896792
-1995146657
-2079830802
1471640998
-738350076
556528023
-1590294470
-1448169561
-1967579008
-276295258
-748992652
-1663315506
-1383768467
-675433015
-1313071892
935909607
941364506
-415874223
-427961723
41961729
565287308
969858275
542244950
567172467
657975793
-397100032
1476652231
-385556480
36365114
-1799342566
567287571
375779794
-1178782777
501993349
-731909603
-983241471
58103101
-1147635556
287842182
374213461
480412915
1535292759
1268152667
-974048654
578892547
564666212
-1439453818
-1984994588
1359746658
-1053454245
1404620342
1170491016
696035144
-1861795318
275165289
2047346361
-1110949548
-1904299644
-1242309652
1892951255
2110916033
-1315388025
-601543683
-1210162104
-2114715733
-1046329808
-1820936872
160296825
1090481322
-1379391467
-1473370409
2049647726
-1493775470
430232851
274017742
-1657014555
151795939
-696151904
-1496029545
-1142916393
1405807535
1381113656
-366840529
291436322
-1345110816
160332131
-1698796783
-1893542423
-150816416
690857056
-693672593
1150571005
-1533402734
1012375165
1096395588
83096706
1464205839
651488249
1076911017
145610183
1228973153
-78018710
-327459277
1548272639
1315347013
-749624156
-1854631222
1770546204
1579777873
1087396151
-881758008
1016665478
146268432
-974461057
928911124
-1411940861
-1244364368
-1261299252
-1598319028
-630692678
813110337
-2052781486
-1013126377
1901681176
-446020152
-1916635850
-1422256176
-1494670733
948210709
-908154186
1879752339
-462699169
-1846843082
1327596547
476664431
582439522
-2026007143
-1069761879
451718158
-2032235831
127246919
-924540762
1647615409
1846518550
-1145452944
-692148639
558519343
-1987049313
1821125422
1075562594
1478500741
252947854
1754007372
394919184
479014108
748183060
-1777368622
1886583049
-208666824
-812031323
1060948578
-384819962
-1731656034
-1820676541
2096593863
1250498758
267378997
-1495566152
-163904243
-1555118725
427693834
-2132130244
1902891647
-147949954
-1052320223
-830255190
1281738880
-307007016
1806101430
-1658136008
-685935964
-77292585
-1981383826
-1224117438
-81930762
37191270
-1134884347
1237575863
920107921
-681187583
653456073
1903431091
-1191987251
743242893
-1219521567
491890183
-870116867
-868096230
-802061814
-1507940876
491886318
-2139984642
-410676058
1226815352
-969081591
-1560379550
-2034152538
1582016438
-1457653062
-1977666911
1963524886
-1021915302
-1091072696
-687678026
2131093059
450788648
1624832766
-2101822500
222720943
-1522614609
-1016698137
657416962
176909420
7557655
450389229
-141537411
-555828833
-825206975
-1623166408
1177111332
699229783
1198680708
-130423218
518315107
1234857275
2064540374
-844670690
-290760788
1715476071
-365383932
1595604695
1047435557
1278419822
1695903487
1833474882
-127820229
1558214641
1183777315
62231106
-266934599
683588794
-992085248
-2061265228
-495129465
1016773754
-554029411
-627297238
629087986
1569397192
-905427248
336686834
-389887481
262370464
-695052204
-1287180341
-1236816628
438213200
1320184565
816299622
1519493115
613552228
1015130080
-1236857911
385738049
614275621
835277384
-1275210515
-1650092633
-359567842
-291698393
1031814725
-1326784345
-1730205710
-1877557664
-772427591
1132822498
-1687474408
-2030888697
-1397295277
-840168987
1092086057
1267341331
290478053
787433079
-1241634920
84750240
-503238641
-1102426922
-302723980
164468897
-1257529090
1862639973
-646555582
-721190455
716483982
57804069
618443416
-2107388423
167581779
2059645971
-7248833
127366991
-954145885
49085125
-409253537
1425259125
-1022608935
263844475
-863322311
-1725831645
863845470
-489968797
-1645013258
1770101058
-165740654
164377851
-1794365180
347215487
-1018506293
351820256
-1039751361
-818761076
-1447644582
-856012742
-470514230
72627087
1979711391
-595736324
2026136254
-380962646
-1552734170
1721752238
-773506542
1232186151
-1223118589
-674117087
438658359
-1644781138
-105636976
603866935
-1422371344
982497865
-1115850204
-680761056
-825731927
-668475273
-292837117
945519847
257063948
-811157664
441598574
-1993064399
-1579825955
-1673197069
-2022989255
-2044963280
2065170919
-1547781003
316320220
22146342
1365325506
106252263
1303645181
-1331326532
-1300827530
736986428
971950433
-1314557760
1769530212
1225206501
-807823294
236678130
2090215432
-1794338957
750156877
1270531766
1629886311
1386484757
1196824257
-141779500
-1554741960
837238000
-791873761
1492056615
-1564293078
446737012
2144062497
1725639928
1678288910
398777579
-112671668
-2126679656
-1296388651
-1105564335
358370736
22722569
518306972
387239292
1014484514
241308364
1151034057
-496817501
1499525717
-61908281
1842022537
-2060834019
2010204172
852196357
-1771708569
-286266808
1792241336
-1483489422
-1694520795
-894247643
1516026153
-2099312695
-424353546
-909623004
1622292742
1437941013
-1429252047
486418497
1676672181
-408820858
926416187
18141570
319403437
315696737
-626108956
568187101
1306141810
-248464208
-1716124370
1301073112
993158098
916172580
352908930
1098062281
-286411777
411973539
1867236712
1725708753
-123056860
-1155227492
-26873169
-1510926829
-965708542
1077373555
-264357440
976842719
1242971587
2129514186
1194627829
-580830045
410628405
-1571684217
1508827848
-1054446791
-965146532
1877429822
-1769249883
1718897851
2020855801
-1190065364
824061494
1599310871
-1257100666
-1921576822
590425077
345588596
-393661243
-1742573163
1814829341
1206548537
164077200
-1106179188
834094554
1283453028
1715119342
-1041372013
-1605858698
972209383
1866829616
18930707
375402052
600351735
-1145454748
1270295433
599331324
840069039
-1597615987
-1937536875
254618283
901909488
-140550545
-951368879
1548750302
2081684329
1690475715
-1549021237
-300875990
720250164
1622973656
-323485733
862356138
-1214015676
2042743141
664919417
853661828
-1186984618
2050960947
800624542
-1198739403
-731585121
-218668850
844569927
-1265402495
-166212371
-1146523122
-1943053591
-1321336893
957191879
44991533
913654203
368369022
-1597779534
-2037782412
-1575067018
1078642998
1302573560
1436819749
-788694525
-805078847
1799834900
1975997450
-799472578
-180035997
1139090486
-1615620333
-71187070
1842991763
-548444449
-2019838523
1926398440
1446098163
1440465481
-351717277
127586554
315667572
-38926369
-19528191
-1370311331
452866830
812428253
49058702
193469152
1331534856
56433906
-319942568
-1452512322
1418642052
461762004
-1558554231
1331257931
531367930
1322624205
-629673698
504539385
1283966642
-227927811
-554407634
-97106865
-485008998
-410258469
-2013994249
-875399610
-1117131890
281017223
2068761783
-1215309829
1157703820
1958120403
-1458057066
650617580
-939650857
-1517325211
1035258263
125561519
-787128839
-1058619782
-2109357882
-473593379
-1928582009
44581947
1238370459
1406291877
624696972
-736625172
-147413340
483602986
1029220137
106067385
-712698983
-797345508
1864092767
1069040015
393971948
1070291201
-469539175
679621867
-901621601
1185651278
928723589
1841296910
-1919882258
1109913203
-1773623004
1576025567
1235763034
1500213139
-288645174
1430377760
-889037836
1302952222
150801914
1353461394
1625145584
1160608293
1537346329
-428231331
1114860806
-141844716
-1714973185
-443676382
-1180691561
1603205564
1694988155
-1510629265
-2071670275
1337632414
-535131409
-816163591
1130931192
-838494039
-1064138345
-882969303
1100988832
478610415
-1216710516
-809179825
-483273441
-946815500
-1101586952
-493576985
-2082660807
1384787890
150718426
460272007
-995230768
692562455
262307284
-1405371895
-580108206
-1227716840
590521260
1018913128
-1168488006
-834437541
-1685707174
-350914728
-1427650271
-66048646
595510792
-12682421
-2089376934
-2079090767
-769049404
-1288128093
1335946677
328817429
-565290196
-424594035
1290748763
-800656436
1870718178
1542158319
1564571562
-104351653
-885929985
1657797638
-92698250
69618793
-1008031506
80206164
-126700460
-1957905744
966479054
1903298936
-555693844
110381292
1716319817
1581855850
670945826
1805262843
-1702492929
1741196744
-1711685781
-8256371
-2075786027
672915592
-320581107
1876724208
-1291796358
1160640409
-460102441
-133301049
-105317574
-1761756764
-2121233760
-1270509645
-272184697
-1503510540
2097085620
-1050518575
1902468452
-492571444
100117534
1086853236
551596108
979225922
-1251291184
-1706640870
-502237583
1014317350
203763397
-1155405044
1881299168
-1443113662
488598749
1027677952
691670892
798497679
-1707971714
1343361449
-81865340
1573370931
-1862285576
-1761336905
489879078
-1034060870
-2043674247
1384486072
339997869
-2138798609
-1195442920
-1787431961
515680636
1145042060
-1109095317
-1229019303
-982074772
1963964471
292557839
-1502244823
2047948967
-2136021085
1900226523
1852821256
962541890
-1212183827
-1538350203
53089432
885053223
344861716
-1756186647
-1819464331
882144671
-800488613
1015732368
-1883187546
2018477467
-1702560676
422761939
947387432
862910260
-345568607
-1965302144
882618809
478250969
-1338575666
1009252046
1611513908
-886476094
908510258
1633055078
-768836326
-1462992620
492093470
-1001899732
-974739857
-793701706
2074729147
946116551
-215994961
-1065566528
-1934007822
-538127444
-2042573883
1282023821
-542949119
2030602963
-1517301048
947268066
1414035381
-432596668
44879476
-201074347
588820306
915937133
-986477053
163267236
-716973439
-1860370811
-1440189910
651963928
-1822972209
405966816
-393212390
-1261821680
-1226749404
-958613307
2069744817
-1473740078
-1256750872
-713485376
-1548881515
-277639982
107114106
-1268802561
-845790430
1685392911
-1089423942
592999163
1662450212
517424314
-1776737825
364949661
1015144886
1984022186
-48832886
-542097582
-1766166448
-1367347670
855033010
1522998016
-42229218
-1073692969
-630924734
-775197099
1477988581
1306927025
-1472997532
1610790401
-287503481
-77354408
-1893752660
-2043727938
-1644521159
1835715949
2014293287
-2071159340
-22206003
-133245100
-285728254
1712015511
121356088
1092848654
1925832997
-1532381827
1460185421
1975710174
668994200
364220178
1269784294
339072561
-1214401159
1953788068
2091690006
1954623418
1324129339
-724655567
-343817708
676464731
-1306726608
1118387823
1188500965
-273874428
-888397255
-1584337573
-5844970
-1230898767
-1270019998
-1828356110
2039375570
1942242797
-878478236
-2049803224
-2007870952
-1899334293
-1826937752
-681228305
-145041136
-1412667578
-246155408
-698988563
-1764092157
1473129282
985945921
312787516
2127532976
415466988
1871123903
-34637175
1421507554
1086735241
-1701880501
1184184403
406674889
-32149808
497175025
39041027
-130187620
-827872721
-202315616
1525966129
1632093648
2125691955
-53360893
-486370941
-1210190162
1564432829
-325422311
310970560
1425089406
-1647531064
-676004110
-1146883896
-1696845357
-332132180
-679403749
487508987
377256741
227185274
1505363952
-71800283
1843382719
-1777560734
-847619137
11613709
1039681693
-2083132370
14312004
-1343525741
1669266273
-1661734980
-336754916
1334391055
655514539
-646524789
-1073765603
1646030171
-225556155
-1433091101
1077079094
1133197482
676196452
-1265492815
1473411449
-1124673217
1255507160
-116383730
1161415756
883650985
2037908800
-1327586492
-1895782246
1752489512
27262179
-827195141
-672344084
-989660247
584261258
-1130471939
-1020303661
6990074
354063820
226502707
-1014638137
-1119664850
1560761864
-747182595
1038290566
1571403374
-1036695679
-1132079835
239741439
1845534168
1927468029
29604323
-425950632
-2142450616
-398206855
32708617
2013829819
-546277784
-725656350
667870619
-1426395446
-2000664927
1124053292
1109746791
1535701646
-687344461
-310874034
2075229306
-506371316
174871143
-181986393
1961093506
950026506
-869842244
647926478
1015360653
529239546
2143538727
2052856708
-319312103
1105619966
682814193
-230030592
1752089054
2108581815
-672684461
-1198763081
-1633629693
-16182297
1343195826
1869761444
2123942228
92188579
1610227261
64860790
-705071183
2025920535
-1216171543
-1554607905
-874077391
453323253
-2074093575
943422079
-167161435
-1138434891
-1463460154
-1232106439
-623213138
-170134631
1513297057
-1153920313
1730457737
-686995423
-364532346
-1742653920
-979491681
-1365832414
-1361882662
-1242039333
-1077930238
754233558
1658497224
1640201749
1382316135
1712729372
1341038801
1662763419
-224893401
804533537
-476531535
1818423265
-1471133091
-1125374190
1998337173
-42433717
420426369
295649704
811523294
-633740238
1744882949
-924493570
-324681909
2058734504
706977353
1277923814
1180216413
2075729875
1500209929
1687454219
-873016161
-430808931
-140452093
1202644632
811618542
406374514
1875578736
-2128115225
-1175071597
763502595
1354086637
993959232
776708014
-1298151868
-450108222
-493101805
356339590
-444883409
-241665381
-829707994
-1096299804
-914667273
923786468
-809441783
709532715
1393983374
-1847726159
-1628497168
-777381282
779928196
1851806453
-632880361
-1014159284
-181087766
-1159183062
1084880160
1915742799
298215247
-1236166362
-1161994576
-1549399175
-356245275
985352696
-672341662
-174800936
56129276
-1739227652
1850620227
2002054157
1698245490
-316188101
1809952603
897976495
602306863
-1359175411
-1025472885
-3062964
-1320881540
-1921980508
-1667188237
-1240208013
-305328713
664455046
-1222268741
-528407572
1387589750
-170080462
-790081911
1199004061
-227502868
-1461312863
692970033
1751498091
-2023021843
1956150947
-947725037
2060411008
1536852500
-123744740
1583529367
-1678358055
-1283452614
-352122297
-1919479228
1287707248
-1620295342
-1039554922
881656903
485185716
-1532502055
-1701027047
2130812496
58948575
-1473440729
602891029
1258463219
-1834225000
606721401
1305205833
-701169809
278325231
486053033
431677734
480964893
-469991600
1971014643
1293826741
1782258512
-154434071
-234391244
-695406148
1770112062
-1674855019
1399340321
-601274257
1380682118
404856004
1070372886
-853161671
-1121304831
-1771470126
124747639
1060966721
-1510342045
-1145357550
279298280
-159986404
1031620745
-1406904130
388465274
-1595859657
-1026648019
177611569
924822304
1503301454
-1372199448
1219532613
2039540089
1995567289
-297143344
1302581128
678471760
-798551008
2066883101
-1004387482
391241907
-1716540494
757879987
-425187594
316229707
1902161491
1477439936
1556008617
-1387305429
2065634518
1192450100
-114475552
1333446350
193078064
233908217
-1057142928
1299582408
1657568784
-621732811
-1801372142
-1856085348
178677843
-128526396
-184288647
-1323148596
1969025290
569932307
-1148645214
688771966
-1184091237
1679141368
1552137152
742358416
-1820428319
115977360
391567547
983939703
-885149031
1726399121
1834241258
-2080530566
-1711677866
902601362
243116841
709153146
363114112
-1331663243
77973275
408834817
-1498551917
0s: 1015  1s: 508
